420.00000,	9650.00000
419.90000,	9633.00000
419.80000,	9505.00000
419.70000,	9792.00000
419.60000,	9757.00000
419.50000,	9780.00000
419.40000,	9736.00000
419.30000,	9691.00000
419.20000,	9761.00000
419.10000,	9507.00000
419.00000,	9849.00000
418.90000,	9584.00000
418.80000,	9596.00000
418.70000,	9706.00000
418.60000,	9736.00000
418.50000,	9576.00000
418.40000,	9562.00000
418.30000,	9717.00000
418.20000,	9735.00000
418.10000,	9761.00000
418.00000,	9595.00000
417.90000,	9666.00000
417.80000,	9554.00000
417.70000,	9747.00000
417.60000,	9546.00000
417.50000,	9328.00000
417.40000,	9608.00000
417.30000,	9569.00000
417.20000,	9830.00000
417.10000,	9757.00000
417.00000,	9802.00000
416.90000,	9737.00000
416.80000,	9633.00000
416.70000,	9615.00000
416.60000,	9522.00000
416.50000,	9573.00000
416.40000,	9663.00000
416.30000,	9567.00000
416.20000,	9554.00000
416.10000,	9627.00000
416.00000,	9490.00000
415.90000,	9417.00000
415.80000,	9570.00000
415.70000,	9499.00000
415.60000,	9449.00000
415.50000,	9428.00000
415.40000,	9470.00000
415.30000,	9636.00000
415.20000,	9499.00000
415.10000,	9600.00000
415.00000,	9573.00000
414.90000,	9383.00000
414.80000,	9627.00000
414.70000,	9503.00000
414.60000,	9485.00000
414.50000,	9605.00000
414.40000,	9683.00000
414.30000,	9341.00000
414.20000,	9501.00000
414.10000,	9424.00000
414.00000,	9402.00000
413.90000,	9506.00000
413.80000,	9520.00000
413.70000,	9310.00000
413.60000,	9395.00000
413.50000,	9607.00000
413.40000,	9542.00000
413.30000,	9399.00000
413.20000,	9420.00000
413.10000,	9354.00000
413.00000,	9488.00000
412.90000,	9567.00000
412.80000,	9507.00000
412.70000,	9380.00000
412.60000,	9284.00000
412.50000,	9400.00000
412.40000,	9413.00000
412.30000,	9398.00000
412.20000,	9399.00000
412.10000,	9562.00000
412.00000,	9305.00000
411.90000,	9448.00000
411.80000,	9424.00000
411.70000,	9489.00000
411.60000,	9445.00000
411.50000,	9439.00000
411.40000,	9426.00000
411.30000,	9328.00000
411.20000,	9429.00000
411.10000,	9516.00000
411.00000,	9536.00000
410.90000,	9564.00000
410.80000,	9618.00000
410.70000,	9429.00000
410.60000,	9413.00000
410.50000,	9399.00000
410.40000,	9415.00000
410.30000,	9286.00000
410.20000,	9524.00000
410.10000,	9472.00000
410.00000,	9582.00000
409.90000,	9495.00000
409.80000,	9402.00000
409.70000,	9698.00000
409.60000,	9542.00000
409.50000,	9620.00000
409.40000,	9394.00000
409.30000,	9410.00000
409.20000,	9782.00000
409.10000,	9660.00000
409.00000,	9767.00000
408.90000,	9726.00000
408.80000,	9662.00000
408.70000,	9527.00000
408.60000,	9768.00000
408.50000,	9666.00000
408.40000,	9629.00000
408.30000,	9684.00000
408.20000,	9607.00000
408.10000,	9801.00000
408.00000,	9794.00000
407.90000,	9728.00000
407.80000,	9817.00000
407.70000,	9959.00000
407.60000,	9870.00000
407.50000,	9995.00000
407.40000,	9789.00000
407.30000,	9790.00000
407.20000,	9900.00000
407.10000,	9921.00000
407.00000,	9918.00000
406.90000,	9724.00000
406.80000,	9724.00000
406.70000,	9784.00000
406.60000,	9887.00000
406.50000,	9809.00000
406.40000,	9971.00000
406.30000,	9616.00000
406.20000,	9785.00000
406.10000,	9655.00000
406.00000,	9571.00000
405.90000,	9632.00000
405.80000,	9715.00000
405.70000,	9490.00000
405.60000,	9465.00000
405.50000,	9437.00000
405.40000,	9614.00000
405.30000,	9467.00000
405.20000,	9403.00000
405.10000,	9392.00000
405.00000,	9300.00000
404.90000,	9251.00000
404.80000,	9169.00000
404.70000,	9169.00000
404.60000,	9474.00000
404.50000,	9209.00000
404.40000,	9105.00000
404.30000,	9220.00000
404.20000,	9254.00000
404.10000,	9093.00000
404.00000,	9127.00000
403.90000,	9292.00000
403.80000,	9267.00000
403.70000,	9304.00000
403.60000,	8990.00000
403.50000,	9134.00000
403.40000,	9079.00000
403.30000,	9270.00000
403.20000,	9064.00000
403.10000,	9185.00000
403.00000,	9226.00000
402.90000,	9175.00000
402.80000,	9144.00000
402.70000,	9296.00000
402.60000,	9195.00000
402.50000,	9277.00000
402.40000,	9218.00000
402.30000,	9363.00000
402.20000,	9260.00000
402.10000,	9221.00000
402.00000,	9410.00000
401.90000,	9420.00000
401.80000,	9197.00000
401.70000,	9398.00000
401.60000,	9390.00000
401.50000,	9604.00000
401.40000,	9307.00000
401.30000,	9616.00000
401.20000,	9463.00000
401.10000,	9682.00000
401.00000,	9690.00000
400.90000,	9658.00000
400.80000,	9628.00000
400.70000,	9583.00000
400.60000,	9914.00000
400.50000,	9841.00000
400.40000,	9901.00000
400.30000,	9921.00000
400.20000,	10033.00000
400.10000,	10230.00000
400.00000,	10206.00000
399.90000,	10439.00000
399.80000,	10470.00000
399.70000,	10664.00000
399.60000,	10765.00000
399.50000,	11045.00000
399.40000,	11148.00000
399.30000,	11432.00000
399.20000,	11468.00000
399.10000,	11724.00000
399.00000,	11801.00000
398.90000,	12149.00000
398.80000,	12603.00000
398.70000,	12741.00000
398.60000,	13030.00000
398.50000,	13288.00000
398.40000,	13700.00000
398.30000,	13997.00000
398.20000,	14216.00000
398.10000,	14792.00000
398.00000,	14887.00000
397.90000,	15092.00000
397.80000,	15123.00000
397.70000,	15155.00000
397.60000,	15099.00000
397.50000,	15224.00000
397.40000,	15302.00000
397.30000,	14837.00000
397.20000,	14716.00000
397.10000,	14467.00000
397.00000,	14346.00000
396.90000,	13845.00000
396.80000,	13779.00000
396.70000,	13413.00000
396.60000,	13167.00000
396.50000,	13195.00000
396.40000,	12953.00000
396.30000,	12826.00000
396.20000,	12459.00000
396.10000,	12213.00000
396.00000,	12171.00000
395.90000,	12422.00000
395.80000,	12254.00000
395.70000,	12085.00000
395.60000,	11997.00000
395.50000,	12043.00000
395.40000,	12078.00000
395.30000,	11892.00000
395.20000,	11796.00000
395.10000,	11830.00000
395.00000,	11658.00000
394.90000,	11584.00000
394.80000,	11494.00000
394.70000,	11605.00000
394.60000,	11539.00000
394.50000,	11402.00000
394.40000,	11195.00000
394.30000,	11127.00000
394.20000,	11495.00000
394.10000,	11350.00000
394.00000,	11135.00000
393.90000,	11056.00000
393.80000,	11187.00000
393.70000,	11175.00000
393.60000,	11135.00000
393.50000,	11076.00000
393.40000,	11090.00000
393.30000,	11181.00000
393.20000,	11385.00000
393.10000,	11578.00000
393.00000,	11842.00000
392.90000,	11970.00000
392.80000,	12281.00000
392.70000,	12716.00000
392.60000,	13108.00000
392.50000,	13751.00000
392.40000,	14244.00000
392.30000,	15362.00000
392.20000,	15971.00000
392.10000,	17265.00000
392.00000,	18643.00000
391.90000,	20064.00000
391.80000,	21344.00000
391.70000,	23759.00000
391.60000,	26414.00000
391.50000,	28895.00000
391.40000,	31600.00000
391.30000,	34941.00000
391.20000,	37542.00000
391.10000,	40024.00000
391.00000,	42154.00000
390.90000,	43894.00000
390.80000,	45449.00000
390.70000,	45052.00000
390.60000,	43764.00000
390.50000,	42143.00000
390.40000,	39750.00000
390.30000,	36553.00000
390.20000,	33449.00000
390.10000,	30007.00000
390.00000,	27163.00000
389.90000,	24511.00000
389.80000,	21931.00000
389.70000,	19704.00000
389.60000,	18143.00000
389.50000,	16480.00000
389.40000,	15114.00000
389.30000,	14181.00000
389.20000,	13191.00000
389.10000,	12516.00000
389.00000,	11817.00000
388.90000,	11449.00000
388.80000,	11047.00000
388.70000,	10568.00000
388.60000,	10258.00000
388.50000,	10373.00000
388.40000,	10304.00000
388.30000,	10330.00000
388.20000,	10136.00000
388.10000,	10658.00000
388.00000,	10562.00000
387.90000,	11021.00000
387.80000,	11029.00000
387.70000,	11818.00000
387.60000,	12089.00000
387.50000,	12234.00000
387.40000,	12807.00000
387.30000,	13045.00000
387.20000,	13182.00000
387.10000,	13588.00000
387.00000,	13435.00000
386.90000,	13479.00000
386.80000,	13707.00000
386.70000,	13646.00000
386.60000,	13284.00000
386.50000,	13025.00000
386.40000,	12914.00000
386.30000,	12224.00000
386.20000,	11770.00000
386.10000,	11483.00000
386.00000,	11114.00000
385.90000,	10972.00000
385.80000,	10260.00000
385.70000,	9821.00000
385.60000,	9667.00000
385.50000,	9220.00000
385.40000,	8983.00000
385.30000,	8964.00000
385.20000,	8888.00000
385.10000,	8477.00000
385.00000,	8450.00000
384.90000,	8229.00000
384.80000,	8085.00000
384.70000,	8170.00000
384.60000,	7988.00000
384.50000,	7957.00000
384.40000,	8068.00000
384.30000,	7885.00000
384.20000,	7983.00000
384.10000,	8005.00000
384.00000,	8030.00000
383.90000,	7856.00000
383.80000,	7745.00000
383.70000,	7946.00000
383.60000,	7795.00000
383.50000,	7884.00000
383.40000,	7774.00000
383.30000,	8028.00000
383.20000,	7787.00000
383.10000,	7831.00000
383.00000,	7979.00000
382.90000,	7944.00000
382.80000,	7985.00000
382.70000,	8048.00000
382.60000,	8171.00000
382.50000,	8382.00000
382.40000,	8511.00000
382.30000,	8791.00000
382.20000,	8930.00000
382.10000,	9189.00000
382.00000,	9597.00000
381.90000,	9945.00000
381.80000,	10560.00000
381.70000,	11074.00000
381.60000,	11951.00000
381.50000,	12734.00000
381.40000,	13813.00000
381.30000,	14983.00000
381.20000,	16270.00000
381.10000,	18139.00000
381.00000,	20469.00000
380.90000,	23029.00000
380.80000,	26680.00000
380.70000,	30194.00000
380.60000,	34234.00000
380.50000,	39832.00000
380.40000,	43753.00000
380.30000,	49005.00000
380.20000,	52800.00000
380.10000,	55523.00000
380.00000,	57329.00000
379.90000,	57429.00000
379.80000,	56228.00000
379.70000,	53953.00000
379.60000,	50303.00000
379.50000,	45268.00000
379.40000,	41022.00000
379.30000,	35898.00000
379.20000,	31457.00000
379.10000,	26890.00000
379.00000,	23544.00000
378.90000,	20126.00000
378.80000,	17531.00000
378.70000,	15435.00000
378.60000,	13588.00000
378.50000,	11774.00000
378.40000,	10452.00000
378.30000,	8993.00000
378.20000,	7924.00000
378.10000,	6801.00000
378.00000,	6025.00000
377.90000,	5073.00000
377.80000,	4537.00000
377.70000,	3861.00000
377.60000,	3345.00000
377.50000,	2853.00000
377.40000,	2633.00000
377.30000,	2391.00000
377.20000,	2167.00000
377.10000,	2224.00000
377.00000,	2010.00000
376.90000,	2009.00000
376.80000,	1959.00000
376.70000,	1945.00000
376.60000,	1829.00000
376.50000,	1818.00000
376.40000,	1860.00000
376.30000,	1794.00000
376.20000,	1781.00000
376.10000,	1723.00000
376.00000,	1690.00000
375.90000,	1682.00000
375.80000,	1745.00000
375.70000,	1732.00000
375.60000,	1681.00000
375.50000,	1698.00000
375.40000,	1754.00000
375.30000,	1664.00000
375.20000,	1745.00000
375.10000,	1668.00000
375.00000,	1656.00000
374.90000,	1655.00000
374.80000,	1652.00000
374.70000,	1721.00000
374.60000,	1696.00000
374.50000,	1616.00000
374.40000,	1561.00000
374.30000,	1667.00000
374.20000,	1643.00000
374.10000,	1634.00000
374.00000,	1647.00000
373.90000,	1589.00000
373.80000,	1593.00000
373.70000,	1576.00000
373.60000,	1577.00000
373.50000,	1564.00000
373.40000,	1577.00000
373.30000,	1539.00000
373.20000,	1578.00000
373.10000,	1497.00000
373.00000,	1550.00000
372.90000,	1527.00000
372.80000,	1520.00000
372.70000,	1564.00000
372.60000,	1532.00000
372.50000,	1604.00000
372.40000,	1465.00000
372.30000,	1476.00000
372.20000,	1458.00000
372.10000,	1519.00000
372.00000,	1588.00000
371.90000,	1492.00000
371.80000,	1498.00000
371.70000,	1451.00000
371.60000,	1537.00000
371.50000,	1478.00000
371.40000,	1523.00000
371.30000,	1542.00000
371.20000,	1525.00000
371.10000,	1521.00000
371.00000,	1472.00000
370.90000,	1510.00000
370.80000,	1532.00000
370.70000,	1571.00000
370.60000,	1536.00000
370.50000,	1523.00000
370.40000,	1499.00000
370.30000,	1543.00000
370.20000,	1543.00000
370.10000,	1541.00000
370.00000,	1547.00000
369.90000,	1580.00000
369.80000,	1463.00000
369.70000,	1543.00000
369.60000,	1522.00000
369.50000,	1465.00000
369.40000,	1430.00000
369.30000,	1484.00000
369.20000,	1529.00000
369.10000,	1466.00000
369.00000,	1549.00000
368.90000,	1483.00000
368.80000,	1477.00000
368.70000,	1507.00000
368.60000,	1504.00000
368.50000,	1503.00000
368.40000,	1536.00000
368.30000,	1467.00000
368.20000,	1467.00000
368.10000,	1518.00000
368.00000,	1509.00000
367.90000,	1453.00000
367.80000,	1428.00000
367.70000,	1474.00000
367.60000,	1441.00000
367.50000,	1551.00000
367.40000,	1499.00000
367.30000,	1411.00000
367.20000,	1536.00000
367.10000,	1522.00000
367.00000,	1483.00000
366.90000,	1516.00000
366.80000,	1457.00000
366.70000,	1481.00000
366.60000,	1479.00000
366.50000,	1440.00000
366.40000,	1426.00000
366.30000,	1456.00000
366.20000,	1489.00000
366.10000,	1508.00000
366.00000,	1559.00000
365.90000,	1568.00000
365.80000,	1518.00000
365.70000,	1511.00000
365.60000,	1516.00000
365.50000,	1495.00000
365.40000,	1480.00000
365.30000,	1495.00000
365.20000,	1469.00000
365.10000,	1478.00000
365.00000,	1480.00000
364.90000,	1531.00000
364.80000,	1471.00000
364.70000,	1450.00000
364.60000,	1511.00000
364.50000,	1486.00000
364.40000,	1436.00000
364.30000,	1444.00000
364.20000,	1419.00000
364.10000,	1537.00000
364.00000,	1526.00000
363.90000,	1454.00000
363.80000,	1465.00000
363.70000,	1508.00000
363.60000,	1473.00000
363.50000,	1491.00000
363.40000,	1489.00000
363.30000,	1517.00000
363.20000,	1486.00000
363.10000,	1511.00000
363.00000,	1468.00000
362.90000,	1548.00000
362.80000,	1491.00000
362.70000,	1571.00000
362.60000,	1439.00000
362.50000,	1509.00000
362.40000,	1459.00000
362.30000,	1555.00000
362.20000,	1427.00000
362.10000,	1426.00000
362.00000,	1479.00000
361.90000,	1540.00000
361.80000,	1479.00000
361.70000,	1506.00000
361.60000,	1516.00000
361.50000,	1528.00000
361.40000,	1462.00000
361.30000,	1460.00000
361.20000,	1530.00000
361.10000,	1493.00000
361.00000,	1518.00000
360.90000,	1498.00000
360.80000,	1473.00000
360.70000,	1462.00000
360.60000,	1402.00000
360.50000,	1400.00000
360.40000,	1565.00000
360.30000,	1486.00000
360.20000,	1417.00000
360.10000,	1409.00000
360.00000,	1497.00000
